time,depth,latitude,longitude,v_1206,u_1205,w_1204,Werr_1201,u_1205_f35,v_1206_f35
2014-10-16,4.0,59.913334,188.2913360595703,0.43962735,-1.2323383,-1.8,-5.1000004,0.46394432419335896,-3.592258477823454
2014-10-17,4.0,59.913334,188.2913360595703,-11.439562,-3.9593709,-1.0,1.45,-2.5337458654204346,-10.901866763252123
2014-10-18,4.0,59.913334,188.2913360595703,-9.312234,3.768292,-0.6,-0.95000005,-0.13214101788234855,-8.61395865850931
2014-10-19,4.0,59.913334,188.2913360595703,-10.834257,-3.7779799,-1.15,-0.7,-1.9486763744725777,-8.565788678750582
2014-10-20,4.0,59.913334,188.2913360595703,-7.0789223,-6.309366,0.35000002,-0.3,-7.9321479005678,-6.445739718261978
2014-10-21,4.0,59.913334,188.2913360595703,-3.0926688,-8.458871,-2.6999998,2.15,-7.97470851579858,-5.402605630433511
2014-10-22,4.0,59.913334,188.2913360595703,-1.4558784,-5.604519,-0.75,0.70000005,-3.6055390739267694,1.3046002748405598
2014-10-23,4.0,59.913334,188.2913360595703,9.489004,2.5669556,-0.15,-0.2,4.770484374213895,5.7653537030167605
2014-10-24,4.0,59.913334,188.2913360595703,5.420381,4.1694756,-1.4,-0.3,1.0330694027667349,4.365293030881363
2014-10-25,4.0,59.913334,188.2913360595703,2.6765904,-1.2758497,-0.45,-0.75,-6.225549962694213,4.3931070072759555
2014-10-26,4.0,59.913334,188.2913360595703,3.94188,-8.22708,-1.3,-1.5999999,-5.225450746968586,-0.8000273196110568
2014-10-27,4.0,59.913334,188.2913360595703,-11.104098,-20.718418,-1.1500001,-0.2,-17.441225363623637,-13.747348699253092
2014-10-28,4.0,59.913334,188.2913360595703,-12.852834,0.788112,-1.3,1.9000001,-2.451842844124915,-13.207074569369404
2014-10-29,4.0,59.913334,188.2913360595703,4.069167,7.1354327,-0.3,0.5,7.808012049578745,-1.6005548383633155
2014-10-30,4.0,59.913334,188.2913360595703,1.6858807,-2.5442681,-1.25,0.3,-0.8466529181216704,0.2572614569767229
2014-10-31,4.0,59.913334,188.2913360595703,10.422864,-16.614185,-3.9,2.35,-16.20429525153556,10.08926070030708
2014-11-01,4.0,59.913334,188.2913360595703,-2.9950104,-18.04137,-2.1,-3.4,-16.25998843427871,-5.0701094434890965
2014-11-02,4.0,59.913334,188.2913360595703,0.9361589,-11.886524,-1.05,-0.75,-9.854060201174253,-2.0563747829316608
2014-11-03,4.0,59.913334,188.2913360595703,-13.221228,-12.462233,-1.1,-0.1,-9.036276277195345,-8.76828494943464
2014-11-04,4.0,59.913334,188.2913360595703,-1.3993998,-1.1684821,-0.05,-0.8,-4.271567161891026,1.4579244552617039
2014-11-05,4.0,59.913334,188.2913360595703,0.63167554,-0.88898546,0.2,-0.6,-1.135198640163695,2.696065346388406
2014-11-06,4.0,59.913334,188.2913360595703,-3.1852703,6.303255,-0.15,-0.2,-1.9517364966074522,1.6624676582813454
2014-11-07,4.0,59.913334,188.2913360595703,-6.6763115,1.1000373,1.1,0.1,1.6554984368093,-6.65368401043093
2014-11-08,4.0,59.913334,188.2913360595703,12.005072,-6.7805395,-1.6,-0.9,-3.928580962604009,13.311218309627142
2014-11-09,4.0,59.913334,188.2913360595703,14.33783,4.4920254,-0.25,0.6,7.472179846083782,13.382070065251899
2014-11-10,4.0,59.913334,188.2913360595703,19.259295,1.3683978,-3.4,0.2,10.637364814253374,10.020654294953651
2014-11-11,4.0,59.913334,188.2913360595703,2.452178,4.2033205,-1.5,1.55,6.449188158795719,4.470140507803055
2014-11-12,4.0,59.913334,188.2913360595703,8.43613,-9.60934,-0.35,-0.35000002,-7.828253701797784,7.465714835606722
2014-11-13,4.0,59.913334,188.2913360595703,-1.0532466,0.08563885,-0.05,-1.55,-1.1976166269488682,-3.563870291635123
2014-11-14,4.0,59.913334,188.2913360595703,10.0697155,-18.15979,0.15,0.3,-13.214171829277507,4.753340325466926
2014-11-15,4.0,59.913334,188.2913360595703,8.804087,-13.007397,-0.25,-1.7,-10.654326452113096,7.65258283699333
2014-11-16,4.0,59.913334,188.2913360595703,6.9701486,1.7252078,-0.35000002,-0.35000002,-0.8723667206374937,10.531553960003754
2014-11-17,4.0,59.913334,188.2913360595703,-3.7368107,-0.067539796,-0.45000002,-0.1,2.0918308815836286,-1.2051478285014845
2014-11-18,4.0,59.913334,188.2913360595703,13.947239,-9.760666,0.35000002,-1.85,-11.468175369166584,14.455996404853666
2014-11-19,4.0,59.913334,188.2913360595703,9.718975,8.208044,-0.05,0.9,6.244664742918358,12.423236449472881
2014-11-20,4.0,59.913334,188.2913360595703,7.3444715,-5.7928514,-0.7,2.4,-5.888711373868702,4.633912742277349
2014-11-21,4.0,59.913334,188.2913360595703,-1.902,-12.777405,-0.35000002,-0.15,-10.617287677897039,-1.9028442054932488
2014-11-22,4.0,59.913334,188.2913360595703,3.7446785,2.808083,-0.7,2.85,0.08277703849412887,1.8061572465019564
2014-11-23,4.0,59.913334,188.2913360595703,3.2342749,-1.2087463,-2.25,-1.45,-5.354295282778509,5.48171156349189
2014-11-24,4.0,59.913334,188.2913360595703,-8.065043,-3.6642036,-0.9,1.05,-6.456432380908813,-3.7271767746484135
2014-11-25,4.0,59.913334,188.2913360595703,5.647562,1.1208508,-0.4,0.3,0.03592519527683469,4.644671896330083
2014-11-26,4.0,59.913334,188.2913360595703,12.547424,1.2142072,-1.45,-1.05,3.7976206565991095,9.605357535287439
2014-11-27,4.0,59.913334,188.2913360595703,9.545429,-3.8122933,-2.85,0.2,-2.6839304139802387,9.672790212531417
2014-11-28,4.0,59.913334,188.2913360595703,6.264428,9.896683,-1.65,1.35,3.67244889615413,5.589465678818117
2014-11-29,4.0,59.913334,188.2913360595703,5.4268217,10.472305,0.25,0.25,9.79910182388468,3.191451671783354
2014-11-30,4.0,59.913334,188.2913360595703,14.302643,2.0967197,-0.6,-1.8499999,1.0931554686084668,14.877247409725106
2014-12-01,4.0,59.913334,188.2913360595703,0.0421167,14.0958395,-0.6,1.9000001,10.303082711741304,0.8918443880981798
2014-12-02,4.0,59.913334,188.2913360595703,-8.889758,-14.892714,-1.7,-0.050000012,-13.7614081545859,-6.389236131361544
2014-12-03,4.0,59.913334,188.2913360595703,-3.6202023,-6.27137,-1.0,0.3,-1.667624518897448,0.8795343096885762
2014-12-04,4.0,59.913334,188.2913360595703,0.44053215,3.6882212,-0.75,-0.75,-2.5027458929149073,0.45726775423885524
2014-12-05,4.0,59.913334,188.2913360595703,3.1297073,-0.43404853,-0.9,0.45000002,5.657799630556231,5.453193117125766
2014-12-06,4.0,59.913334,188.2913360595703,2.6424274,7.156661,-0.4,0.45000002,0.30880549471948004,6.350728572226673
2014-12-07,4.0,59.913334,188.2913360595703,0.92417145,-2.8793492,-2.0,-3.2,-4.621545747753601,-0.6104588434127682
2014-12-08,4.0,59.913334,188.2913360595703,-0.1911434,-5.7170186,0.7,2.6999998,-9.209078225947598,-1.4254982518662542
2014-12-09,4.0,59.913334,188.2913360595703,3.461924,-7.0964985,-1.95,0.35,-6.763478110676518,3.783911348510318
2014-12-10,4.0,59.913334,188.2913360595703,1.4687812,-9.451029,-1.05,2.2,-7.951053386346448,1.9584495966618458
2014-12-11,4.0,59.913334,188.2913360595703,0.82886624,-3.1912105,-0.5,0.75,3.2966633946646575,1.201336014282993
2014-12-12,4.0,59.913334,188.2913360595703,-1.5692184,4.24862,-0.15,-0.8,3.5916525926573977,1.2306543732259456
2014-12-13,4.0,59.913334,188.2913360595703,-1.5456477,2.3873847,-0.4,-0.75,2.9385403548658435,-1.1389450394395877
2014-12-14,4.0,59.913334,188.2913360595703,-1.6308289,1.0694075,-4.05,5.1499996,-0.49017726933476924,4.4991958767548095
2014-12-15,4.0,59.913334,188.2913360595703,-5.614271,-13.598818,-2.95,-4.25,-16.30602706026592,-10.496532758616816
2014-12-16,4.0,59.913334,188.2913360595703,3.3768072,6.694793,-0.5,-0.85,1.6415207607944398,7.517712085735941
2014-12-17,4.0,59.913334,188.2913360595703,14.97831,14.374334,-1.2,-0.049999997,17.90923279049482,17.673580598110792
2014-12-18,4.0,59.913334,188.2913360595703,1.7381537,2.1791759,0.25,0.4,3.561668264096773,3.357728986479248
2014-12-19,4.0,59.913334,188.2913360595703,4.2847643,-3.6104822,-0.35,-0.65,-5.079351346230943,5.0542758683894755
2014-12-20,4.0,59.913334,188.2913360595703,1.7862962,-9.548687,-0.55,1.1500001,-7.341212695329755,6.547348318579786
2014-12-21,4.0,59.913334,188.2913360595703,-1.480908,-7.527812,-0.4,-2.75,-10.298283461339329,-2.3126941505316223
2014-12-22,4.0,59.913334,188.2913360595703,-5.0931997,-9.217812,0.0,-1.45,-7.943640217107831,-0.4670966392111633
2014-12-23,4.0,59.913334,188.2913360595703,5.445772,-7.699472,-0.4,-1.65,-7.067933337004959,7.277518386214876
2014-12-24,4.0,59.913334,188.2913360595703,3.1648183,-6.7762375,-3.0,-1.7,-10.274758222557349,-8.026772763592287
2014-12-25,4.0,59.913334,188.2913360595703,-6.4449577,-12.356707,-1.05,-2.5,-10.404053279857244,-2.334173982469684
2014-12-26,4.0,59.913334,188.2913360595703,-1.5548457,-1.7224185,-0.9,0.55,-6.045333217946795,-4.779713010833605
2014-12-27,4.0,59.913334,188.2913360595703,17.581314,1.71454,-0.45000002,-8.799999,3.359359679876398,18.09064937973591
2014-12-28,4.0,59.913334,188.2913360595703,-13.398946,-2.4401047,-0.79999995,2.6999998,3.5320995170435725,-4.443333447388849
2014-12-29,4.0,59.913334,188.2913360595703,-1.3554413,1.8510467,-0.35000002,-0.45000002,2.0677091917063817,-1.787586512214341
2014-12-30,4.0,59.913334,188.2913360595703,-10.60978,2.7538934,-0.1,-1.55,1.7648380026950492,-10.223122340138687
2014-12-31,4.0,59.913334,188.2913360595703,-4.212987,-0.73206973,-0.25,-1.2,6.154155797138616,-3.8184669207676123
2015-01-01,4.0,59.913334,188.2913360595703,2.8307815,-3.6933317,0.5,3.2,-2.7760802812102217,2.1774463785058145
2015-01-02,4.0,59.913334,188.2913360595703,-2.5512526,-4.189395,-1.7,-1.5,-0.7992423920853933,1.7616099936342757
2015-01-03,4.0,59.913334,188.2913360595703,-3.0463357,0.39013296,-0.5,-2.15,3.6522879408120206,1.6010535540008606
2015-01-04,4.0,59.913334,188.2913360595703,-1.5160191,-5.425427,-1.05,-2.05,-2.31336540133524,-4.097789846877936
2015-01-05,4.0,59.913334,188.2913360595703,-2.3208246,-10.0207,-0.15,-0.4,-10.32192534907151,-0.16637728369926413
2015-01-06,4.0,59.913334,188.2913360595703,-3.205583,-13.834313,-0.45,0.0,-7.603595947702161,-6.883784840400773
2015-01-07,4.0,59.913334,188.2913360595703,-4.720665,-4.6665077,-0.95000005,-0.85,-3.805706703602496,-7.317734577047321
2015-01-08,4.0,59.913334,188.2913360595703,-9.603739,-9.060471,-0.35,-1.5,-8.076613440113126,-5.945747627723498
2015-01-09,4.0,59.913334,188.2913360595703,0.54697365,-8.451025,0.9,0.7,-7.328814096969103,-3.036047837916442
2015-01-10,4.0,59.913334,188.2913360595703,10.686146,8.585657,-0.5,-0.05,12.842205936143376,9.587665353263624
2015-01-11,4.0,59.913334,188.2913360595703,-0.40726286,0.8301858,-0.9,-1.2,-1.966804758878169,-0.44079378206295106
2015-01-12,4.0,59.913334,188.2913360595703,0.07450262,-1.6243237,-1.25,-0.55,-0.9084146375868806,1.8473398068797597
2015-01-13,4.0,59.913334,188.2913360595703,4.710051,-2.4008417,-1.4,-3.6499999,-2.9880445806934466,4.9982537019397
2015-01-14,4.0,59.913334,188.2913360595703,2.53129,1.5053942,-0.25,-3.1,1.7794383013325816,2.534513849558106
2015-01-15,4.0,59.913334,188.2913360595703,-0.7617198,-4.263962,-1.2,0.6,-5.70474850072079,0.0846686098214407
2015-01-16,4.0,59.913334,188.2913360595703,-5.6027308,-7.7373934,-0.8,-5.4,-5.8643686828766715,-6.851731895149935
2015-01-17,4.0,59.913334,188.2913360595703,-8.052598,2.258245,-0.75,-4.95,0.07762764891350216,-3.304814717504472
2015-01-18,4.0,59.913334,188.2913360595703,-2.9158766,-2.3628557,-0.45,-1.1500001,-0.9376821422844238,0.1536602280095009
2015-01-19,4.0,59.913334,188.2913360595703,4.1436157,5.7568035,-1.25,-0.75,4.452393551892062,5.076311103844063
2015-01-20,4.0,59.913334,188.2913360595703,3.7526102,6.101508,0.4,-0.3,5.259309237235623,3.5330349704682136
2015-01-21,4.0,59.913334,188.2913360595703,-0.56410354,-4.7831163,-0.35000002,1.4000001,-5.449858594096041,-1.7606126705933067
2015-01-22,4.0,59.913334,188.2913360595703,0.8963417,-2.5822437,-1.75,-1.6500001,-4.012719966958642,2.8519308364708893
2015-01-23,4.0,59.913334,188.2913360595703,-6.5485344,-1.7821121,-0.4,2.3,-3.641854067010885,-7.15803968836427
2015-01-24,4.0,59.913334,188.2913360595703,-5.4023786,0.41144696,-0.2,0.05,-2.8762352919654015,-4.319528511770961
2015-01-25,4.0,59.913334,188.2913360595703,-2.7840014,-9.558429,-0.2,0.35000002,-8.03784070751903,-4.239013202500401
2015-01-26,4.0,59.913334,188.2913360595703,1.2998996,-15.3818245,-0.2,0.4,-11.381035980934115,0.8538619090952426
2015-01-27,4.0,59.913334,188.2913360595703,5.573953,-20.779572,-1.3,-0.25,-18.392309544604366,4.267204664150798
2015-01-28,4.0,59.913334,188.2913360595703,-4.87064,-13.572405,-2.1999998,-1.3,-18.535342456701134,-7.611920229998289
2015-01-29,4.0,59.913334,188.2913360595703,2.0172033,-7.333846,-0.35000002,-0.15,-6.218180579240229,-0.06912880972927526
2015-01-30,4.0,59.913334,188.2913360595703,-5.363434,-2.4891949,0.1,-0.65,0.6383979130474722,-2.5436785967669038
2015-01-31,4.0,59.913334,188.2913360595703,-2.840022,-2.3596406,-0.15,-0.35,-3.663557314698962,0.19590796295609866
2015-02-01,4.0,59.913334,188.2913360595703,-1.5553035,-7.979905,-0.35000002,0.75,-3.3154134650861242,1.6725679039779804
2015-02-02,4.0,59.913334,188.2913360595703,1.8297969,-1.0537688,-0.3,-0.05,-3.454335358693008,-0.49029859803084497
2015-02-03,4.0,59.913334,188.2913360595703,-2.0870426,-4.501331,-0.75,0.35000002,-4.3173654442029346,-2.875882033874068
2015-02-04,4.0,59.913334,188.2913360595703,1.9065454,-5.904861,-0.45,0.3,-6.819910037258111,-0.41566433898238364
2015-02-05,4.0,59.913334,188.2913360595703,4.2754593,-11.270212,-0.7,0.5,-10.92527734290323,4.869049194532811
2015-02-06,4.0,59.913334,188.2913360595703,0.8325175,-19.53516,-0.7,0.2,-15.079377578629352,2.570630659871188
2015-02-07,4.0,59.913334,188.2913360595703,5.853897,-19.05529,-0.8,0.25,-18.971652557122784,1.1384084401032242
2015-02-08,4.0,59.913334,188.2913360595703,-0.69555324,-14.493787,-0.5,0.2,-16.037248610308897,-3.370853203088407
2015-02-09,4.0,59.913334,188.2913360595703,-8.204404,-16.761326,-0.55,0.35000002,-14.428901960707408,-7.4344644697123785
2015-02-10,4.0,59.913334,188.2913360595703,-5.454183,-24.25903,-0.3,0.15,-24.67584195501746,-4.950091623199322
2015-02-11,4.0,59.913334,188.2913360595703,-1.2999747,-13.987088,-0.8,-0.5,-15.769784269709156,-2.047394663544701
2015-02-12,4.0,59.913334,188.2913360595703,4.4915786,-9.519081,-0.15,0.1,-9.845308409940124,1.9766163413109172
2015-02-13,4.0,59.913334,188.2913360595703,6.670722,-12.29795,-0.15,0.0,-10.665946840817265,3.868374237088878
2015-02-14,4.0,59.913334,188.2913360595703,-0.29250672,-13.358617,0.0,0.05,-12.595998079720939,2.0815575707691405
2015-02-15,4.0,59.913334,188.2913360595703,5.564723,-11.824106,0.1,0.1,-11.13299624511222,8.130553061372062
2015-02-16,4.0,59.913334,188.2913360595703,6.99883,-10.214176,0.0,0.0,-9.683501657112318,8.87139292039518
2015-02-17,4.0,59.913334,188.2913360595703,3.9774806,-8.594482,0.05,-0.1,-8.207312196178723,4.523633542310295
2015-02-18,4.0,59.913334,188.2913360595703,-0.22073984,-4.584148,0.15,-0.05,-3.8481318747626894,0.5091763215339598
2015-02-19,4.0,59.913334,188.2913360595703,-0.7908585,-3.210193,0.1,0.35000002,-2.1339382789157457,-0.6711964514554406
2015-02-20,4.0,59.913334,188.2913360595703,7.0311832,-6.853987,0.05,0.25,-10.025684327185079,7.701128971175544
2015-02-21,4.0,59.913334,188.2913360595703,8.801744,6.3883934,0.2,0.05,5.183759450801132,10.357215904077675
2015-02-22,4.0,59.913334,188.2913360595703,3.6197014,1.4331696,0.15,0.05,5.283178148529988,3.868919953808318
2015-02-23,4.0,59.913334,188.2913360595703,2.6488574,-9.047514,0.1,0.0,-4.555653342657516,4.358032105634359
2015-02-24,4.0,59.913334,188.2913360595703,4.5656447,-0.44934738,0.3,-0.15,1.4418334728418882,4.776729657720647
2015-02-25,4.0,59.913334,188.2913360595703,6.8687963,1.744201,0.15,-1.1,7.497832620884252,3.91111650597918
2015-02-26,4.0,59.913334,188.2913360595703,-2.6534562,-4.7169175,-0.85,-0.85,0.9339789762153279,-6.316860023645085
2015-02-27,4.0,59.913334,188.2913360595703,-4.8391266,-0.7505944,-0.6,0.85,3.7310726704484605,1.3843027903842258
2015-02-28,4.0,59.913334,188.2913360595703,-4.17696,-3.0690124,-0.1,-0.70000005,-0.3215560149604081,-6.321598307206209
2015-03-01,4.0,59.913334,188.2913360595703,5.441216,1.4613607,-0.3,1.2,0.9715014476657207,8.745144941193757
2015-03-02,4.0,59.913334,188.2913360595703,-4.77527,2.981596,-0.95000005,0.0,3.5630652020849474,-2.6968240327951314
2015-03-03,4.0,59.913334,188.2913360595703,-16.55727,-1.9514515,-1.1,0.75,-4.446816863783598,-13.874367785619881
2015-03-04,4.0,59.913334,188.2913360595703,6.39542,3.967718,-0.35000002,1.25,-0.49697688876207313,7.732576788635772
2015-03-05,4.0,59.913334,188.2913360595703,0.9592825,0.66499835,-1.0,-1.5,-0.2181852847648995,-3.4840862667025987
2015-03-06,4.0,59.913334,188.2913360595703,2.4197922,3.5253224,-0.3,0.79999995,5.565862714637117,4.038383322590625
2015-03-07,4.0,59.913334,188.2913360595703,-16.319357,2.016756,-0.7,-2.65,2.3596469048862487,-15.306467083614148
2015-03-08,4.0,59.913334,188.2913360595703,-8.555123,-11.765317,-2.15,-2.35,-9.691832487844241,-7.347197992772401
2015-03-09,4.0,59.913334,188.2913360595703,-2.6937742,-5.9664288,-1.05,0.05,-7.358380680305059,-6.173835379950997
2015-03-10,4.0,59.913334,188.2913360595703,-2.5373054,-3.3943949,-0.15,-0.3,-3.685799246081312,-3.1862436455586662
2015-03-11,4.0,59.913334,188.2913360595703,-3.4295592,-6.2412834,0.1,0.0,-4.238122368632975,-4.034004734525093
2015-03-12,4.0,59.913334,188.2913360595703,-0.65989876,0.742716,0.0,-0.2,1.4858289348543097,-0.49731839612787265
2015-03-13,4.0,59.913334,188.2913360595703,0.28457475,-5.417581,-0.15,0.15,-3.0182934893951723,1.6813642871277246
2015-03-14,4.0,59.913334,188.2913360595703,5.524491,-12.331752,-1.55,-0.75,-8.700767563217362,6.124078402892865
2015-03-15,4.0,59.913334,188.2913360595703,5.7576656,-23.773624,-0.35000002,-0.2,-22.591355984698453,5.18350776639782
2015-03-16,4.0,59.913334,188.2913360595703,-8.218298,-26.644148,-0.2,-0.05,-26.24680531213368,-6.319815288474134
2015-03-17,4.0,59.913334,188.2913360595703,-3.281055,-25.624681,0.0,-0.05,-22.498523409255377,-2.8465698669429162
2015-03-18,4.0,59.913334,188.2913360595703,-1.7941424,-22.845768,-0.1,0.1,-23.66758334312484,0.2786342827415448
2015-03-19,4.0,59.913334,188.2913360595703,-2.7623153,-18.690144,0.35000002,0.15,-19.03541100599387,-0.9432343542705941
2015-03-20,4.0,59.913334,188.2913360595703,6.427774,-7.982237,0.1,-0.05,-6.626632907903016,9.709651394307127
2015-03-21,4.0,59.913334,188.2913360595703,11.735198,-7.1858644,0.15,-0.05,-7.12117390624708,9.319949442815952
2015-03-22,4.0,59.913334,188.2913360595703,11.5242,-9.4858,0.15,0.0,-12.872006908461204,7.682878223141209
2015-03-23,4.0,59.913334,188.2913360595703,12.904638,-8.339068,0.1,-0.05,-10.539182784783234,9.09635955382015
2015-03-24,4.0,59.913334,188.2913360595703,4.4975615,-13.010643,0.2,-0.25,-11.546637651488528,3.165403385481102
2015-03-25,4.0,59.913334,188.2913360595703,-7.4514675,-14.015791,0.1,-0.1,-10.524543633536005,-7.522826892299599
2015-03-26,4.0,59.913334,188.2913360595703,-9.637585,-9.359407,0.1,-0.1,-5.7244137840186795,-7.77507848587519
2015-03-27,4.0,59.913334,188.2913360595703,2.344778,-12.499762,0.2,0.1,-9.668969468677115,2.425669570893338
2015-03-28,4.0,59.913334,188.2913360595703,3.1990247,-12.854218,0.0,-0.05,-12.526257710226247,0.7675043143848366
2015-03-29,4.0,59.913334,188.2913360595703,4.167165,-12.494161,0.15,-0.35,-10.798662548506332,3.4892275768883527
2015-03-30,4.0,59.913334,188.2913360595703,5.0242224,-7.507435,0.05,0.15,-4.589065468744104,4.309440507397561
2015-03-31,4.0,59.913334,188.2913360595703,6.482858,-3.06073,0.1,-0.1,-5.155480948617911,5.4230522633095735
2015-04-01,4.0,59.913334,188.2913360595703,6.359276,-4.885438,0.05,0.0,-4.128693403314497,5.049404997191534
2015-04-02,4.0,59.913334,188.2913360595703,7.063197,-2.8705342,0.1,-0.2,-3.2717743135153086,4.536415525880178
2015-04-03,4.0,59.913334,188.2913360595703,14.0129795,-4.385659,0.1,-0.1,-6.2544259869398395,13.814053515579385
2015-04-04,4.0,59.913334,188.2913360595703,3.089443,8.479641,0.0,-0.25,9.20676241323384,4.366235000604522
2015-04-05,4.0,59.913334,188.2913360595703,-1.8745959,14.859402,-0.3,-0.25,10.647098198577229,0.6937969741999785
2015-04-06,4.0,59.913334,188.2913360595703,-11.943897,15.109737,0.0,0.9,11.40969727837859,-7.118854825733953
2015-04-07,4.0,59.913334,188.2913360595703,-14.430378,10.978195,-0.2,-0.2,14.53396902035802,-10.097996117585094
2015-04-08,4.0,59.913334,188.2913360595703,5.07607,8.09561,-0.05,-0.05,9.31110799909337,3.8753666635260844
2015-04-09,4.0,59.913334,188.2913360595703,-8.737463,1.8825278,-0.15,-0.3,0.9893531723521543,-13.24717533681142
2015-04-10,4.0,59.913334,188.2913360595703,-2.6664662,0.8519684,0.15,0.2,6.83667361640998,-3.0881445227675224
2015-04-11,4.0,59.913334,188.2913360595703,-5.190368,-9.096093,0.05,0.2,-7.904102113047038,-3.233140021904729
2015-04-12,4.0,59.913334,188.2913360595703,-5.084885,-7.184884,0.1,-0.05,-6.580674330211396,-5.086620229478479
2015-04-13,4.0,59.913334,188.2913360595703,4.602662,-6.2075243,0.0,0.2,-3.9252183155347673,4.412749738730014
2015-04-14,4.0,59.913334,188.2913360595703,-0.21337293,-9.748156,0.2,0.0,-7.252417585320681,-0.9646027652942908
2015-04-15,4.0,59.913334,188.2913360595703,-8.096993,-3.2911468,0.0,-0.1,-2.8149586113546974,-4.3860174071298745
2015-04-16,4.0,59.913334,188.2913360595703,-7.025658,-3.32727,0.05,0.45,-1.1022353213323126,-3.827976027270628
2015-04-17,4.0,59.913334,188.2913360595703,-4.2380056,-7.6263313,0.2,0.0,-6.995598917257347,-2.1264471947355927
2015-04-18,4.0,59.913334,188.2913360595703,-10.369239,-15.348076,0.05,0.3,-14.605607546968782,-9.086235915145359
2015-04-19,4.0,59.913334,188.2913360595703,-12.172962,4.168177,0.1,-0.15,2.9856002274060853,-19.70208126942894
2015-04-20,4.0,59.913334,188.2913360595703,4.3943887,5.6498613,0.25,0.45,5.467984815162757,1.4887447773950213
2015-04-21,4.0,59.913334,188.2913360595703,0.6584933,-5.274122,0.25,-0.15,-8.644870255392096,1.068902076076235
2015-04-22,4.0,59.913334,188.2913360595703,14.947296,1.8963675,0.2,-0.1,0.18883999960593023,11.422958556519188
2015-04-23,4.0,59.913334,188.2913360595703,14.199002,2.649762,0.05,-0.3,2.965570745278177,13.449413556505402
2015-04-24,4.0,59.913334,188.2913360595703,1.4752327,-7.9123764,0.4,-0.2,-6.67097942486082,1.0771684698030723
2015-04-25,4.0,59.913334,188.2913360595703,0.30726206,-7.7027407,0.3,0.2,-8.757150260989409,-2.916834375631003
2015-04-26,4.0,59.913334,188.2913360595703,1.8103354,-8.825348,0.2,-0.2,-5.359233764721893,0.4081998406104203
2015-04-27,4.0,59.913334,188.2913360595703,4.5781116,-8.187231,0.15,0.1,-5.765978083121808,1.5671993080883038
2015-04-28,4.0,59.913334,188.2913360595703,7.395872,-8.165491,0.2,0.3,-6.482623823906478,6.748950437068319
2015-04-29,4.0,59.913334,188.2913360595703,7.7239685,-6.1816216,0.1,0.0,-4.839526696908337,6.455049684577071
2015-04-30,4.0,59.913334,188.2913360595703,-3.261082,-3.827038,0.15,-0.05,-3.1805327635939786,0.1991437341205018
2015-05-01,4.0,59.913334,188.2913360595703,-1.3961312,0.8172616,0.1,0.0,0.2330235249372743,-0.8814133961928668
2015-05-02,4.0,59.913334,188.2913360595703,-1.1198925,-1.4054148,0.3,-0.15,-1.0983543960169482,1.1385772097921785
2015-05-03,4.0,59.913334,188.2913360595703,6.5879154,0.3443006,0.1,-0.2,0.05957434688004892,3.652561803756413
2015-05-04,4.0,59.913334,188.2913360595703,10.917064,-11.195688,0.1,0.4,-7.487370454491077,9.110350073265156
2015-05-05,4.0,59.913334,188.2913360595703,4.998767,-3.7909899,-0.05,0.2,-3.979937124748522,6.359908288357031
2015-05-06,4.0,59.913334,188.2913360595703,2.4239655,-1.5599775,0.0,0.2,1.5091957053833132,3.6444133253767994
2015-05-07,4.0,59.913334,188.2913360595703,-0.3873757,-3.0413003,0.2,-0.1,-0.933427169253489,-0.6849593056281538
2015-05-08,4.0,59.913334,188.2913360595703,7.2130756,-2.2074096,-0.1,-0.25,-3.9364702627728922,5.975977038582959
2015-05-09,4.0,59.913334,188.2913360595703,13.496561,-1.1606467,0.0,-0.4,-0.7243407625757127,9.061189164311642
2015-05-10,4.0,59.913334,188.2913360595703,12.682514,-11.382605,0.0,0.5,-4.218888609724847,9.377722275806935
2015-05-11,4.0,59.913334,188.2913360595703,2.0394113,0.2679348,-0.05,-0.2,0.9238475505742709,1.1082451118713161
2015-05-12,4.0,59.913334,188.2913360595703,2.9427156,0.37576026,0.2,0.3,-0.03874726599884548,0.51566050409639
2015-05-13,4.0,59.913334,188.2913360595703,17.015846,-4.5591826,-0.4,-0.05,-5.523432322419697,18.032630645974262
2015-05-14,4.0,59.913334,188.2913360595703,14.756144,3.6229382,-0.2,0.05,7.438326414624022,13.162017330716942
2015-05-15,4.0,59.913334,188.2913360595703,1.5937688,-11.590441,0.2,-0.8,-5.419009145285207,4.936226560692555
2015-05-16,4.0,59.913334,188.2913360595703,2.920497,-3.9659083,0.3,0.25,-6.576692537564157,6.212989820277168
2015-05-17,4.0,59.913334,188.2913360595703,-1.0518627,0.29986298,-0.70000005,-0.4,2.7848636926591177,3.0885687705265554
2015-05-18,4.0,59.913334,188.2913360595703,7.482437,2.6627402,0.3,0.0,-2.373500095704167,9.039400991816363
2015-05-19,4.0,59.913334,188.2913360595703,2.902516,2.116278,0.35000002,-0.9,0.7826519978853981,-0.14815279298205836
2015-05-20,4.0,59.913334,188.2913360595703,6.3463297,-1.8903954,0.5,-0.1,-2.1233334397635266,6.683009720656863
2015-05-21,4.0,59.913334,188.2913360595703,7.490794,3.3633285,0.15,0.45000002,0.2544679438954991,5.398303597345425
2015-05-22,4.0,59.913334,188.2913360595703,12.472453,2.2892685,-0.1,1.4000001,2.080100452111923,13.492611535790822
2015-05-23,4.0,59.913334,188.2913360595703,7.162687,-0.1462909,-1.0,-1.65,0.3463619004972225,-2.1191857805531926
2015-05-24,4.0,59.913334,188.2913360595703,0.093005806,1.5729446,-1.1500001,-0.25,1.506806323684822,1.6233188352422472
2015-05-25,4.0,59.913334,188.2913360595703,5.5124607,-3.1630301,-0.45,-0.25,-0.18810105108696074,3.0729623559851085
2015-05-26,4.0,59.913334,188.2913360595703,9.034089,-1.0560468,-1.6500001,-1.05,0.7137899582616904,14.766731005148593
2015-05-27,4.0,59.913334,188.2913360595703,3.8603606,-11.312712,-0.8,-1.4,-3.61623667468457,4.881185570922801
2015-05-28,4.0,59.913334,188.2913360595703,9.01187,-3.5596037,0.25,-1.3,-2.979007767089659,7.152883077797698
2015-05-29,4.0,59.913334,188.2913360595703,8.112718,0.16099262,-1.4000001,1.3,0.1056261334575046,9.730490767836333
2015-05-30,4.0,59.913334,188.2913360595703,2.8839698,-3.4351492,-0.75,2.05,-1.4786008554642645,4.551811167064221
2015-05-31,4.0,59.913334,188.2913360595703,-4.879401,2.0588408,-0.35000002,-0.1,-0.8255169264198469,-1.3278498657588713
2015-06-01,4.0,59.913334,188.2913360595703,-7.414865,-5.2986727,0.0,-0.5,-2.6025926656946483,-5.522508574245828
2015-06-02,4.0,59.913334,188.2913360595703,-7.7092237,-1.5428262,0.1,0.75,-0.2794459155955189,-9.462827614127963
2015-06-03,4.0,59.913334,188.2913360595703,-1.1393433,-4.7775803,0.35000002,-0.5,-4.64723878828454,-2.7679882389468142
2015-06-04,4.0,59.913334,188.2913360595703,2.786322,-4.276428,-0.95,-0.85,-4.416835037730631,1.4335225972682597
2015-06-05,4.0,59.913334,188.2913360595703,1.4794812,-2.3031833,0.45,-0.4,-1.7052166115465668,0.5095982226365012
2015-06-06,4.0,59.913334,188.2913360595703,3.421724,2.7668605,0.05,0.15,3.7929392753800455,3.1747505056672614
2015-06-07,4.0,59.913334,188.2913360595703,-4.870117,-0.8538315,0.0,-0.65,-0.27261885281956366,-3.3915472426119786
2015-06-08,4.0,59.913334,188.2913360595703,6.8151817,-0.5072315,0.2,-0.15,-0.7716011077474275,4.058648738500841
2015-06-09,4.0,59.913334,188.2913360595703,-7.2224236,-4.587395,-0.1,0.05,-4.990370178098561,-5.215376328343117
2015-06-10,4.0,59.913334,188.2913360595703,0.29982007,-1.682612,-0.2,1.0,-0.14636206405225005,-0.8979501639959725
2015-06-11,4.0,59.913334,188.2913360595703,3.8409529,-2.2116046,0.6,-1.2,-3.1184641159247075,5.413704496995655
2015-06-12,4.0,59.913334,188.2913360595703,1.9329805,9.1312895,0.2,0.0,3.559372301149344,5.57689194166956
2015-06-13,4.0,59.913334,188.2913360595703,3.338832,3.8164237,-1.35,-3.15,3.0267609002938882,5.72540081781241
2015-06-14,4.0,59.913334,188.2913360595703,1.221245,1.5928962,-2.4,1.45,1.6784212049325227,0.13442189146589717
2015-06-15,4.0,59.913334,188.2913360595703,5.518976,5.1251173,-1.75,0.15,3.8665576296464947,8.451541788780357
2015-06-16,4.0,59.913334,188.2913360595703,-1.9103467,-5.085311,0.0,-0.2,-1.8261054521342437,-0.7766755126567325
2015-06-17,4.0,59.913334,188.2913360595703,-2.880265,-3.1570044,0.1,-0.10000001,-2.913307742598554,-1.569781840130718
2015-06-18,4.0,59.913334,188.2913360595703,-1.0749756,-5.166787,0.25,0.10000001,-4.620544191765034,-2.152366150690594
2015-06-19,4.0,59.913334,188.2913360595703,0.85518336,-0.07678065,0.15,0.0,-0.7259658995230432,-0.714362684733796
2015-06-20,4.0,59.913334,188.2913360595703,4.875228,-2.1074195,0.0,0.3,-2.266395281862585,1.645374496550863
2015-06-21,4.0,59.913334,188.2913360595703,5.161687,-2.354541,0.2,0.2,-1.232525396259804,2.643226197658935
2015-06-22,4.0,59.913334,188.2913360595703,5.952077,1.2836852,0.3,0.0,1.3390494717348458,4.703711400370009
2015-06-23,4.0,59.913334,188.2913360595703,-0.16612443,-3.0389795,-0.05,-0.2,-1.0111303810726144,-0.18362848251029318
2015-06-24,4.0,59.913334,188.2913360595703,-6.324122,2.4119353,0.1,-0.55,1.6044124064612526,-4.651173186054276
2015-06-25,4.0,59.913334,188.2913360595703,-10.906876,1.5706667,-0.1,0.79999995,2.197066749796488,-12.21968570266313
2015-06-26,4.0,59.913334,188.2913360595703,-9.755545,6.9711075,0.050000004,-0.9,2.57153749073297,-7.670522979145191
2015-06-27,4.0,59.913334,188.2913360595703,-8.227996,-1.5743073,-0.15,-2.45,-3.743046429222622,-8.56694140631214
2015-06-28,4.0,59.913334,188.2913360595703,-10.046624,-4.1459045,-1.0,0.4,-2.0280810758604257,-6.394432571403494
2015-06-29,4.0,59.913334,188.2913360595703,-1.4669716,3.1935635,0.15,1.15,2.68853850711689,0.5498932974541941
2015-06-30,4.0,59.913334,188.2913360595703,-0.66407216,2.1518786,0.1,0.05,2.6292573140949953,-0.034345618725409754
2015-07-01,4.0,59.913334,188.2913360595703,-1.720566,0.91444075,-0.1,0.35000002,-1.6906541782724354,0.5099358099629767
2015-07-02,4.0,59.913334,188.2913360595703,2.6613667,-0.21195678,0.15,-0.3,-0.37009731719248684,3.594495360902744
2015-07-03,4.0,59.913334,188.2913360595703,0.6705343,-1.0815128,0.25,0.0,-1.0028605212778439,3.3302206800537033
2015-07-04,4.0,59.913334,188.2913360595703,-5.001077,-7.0247316,-0.3,0.55,-10.109964995806095,-4.695232261773785
2015-07-05,4.0,59.913334,188.2913360595703,-1.5234718,-1.3512142,-0.1,-0.1,-6.314162739206795,-2.497576933250647
2015-07-06,4.0,59.913334,188.2913360595703,13.784426,-6.4782696,-0.55,-1.1,-4.134457198906752,12.45914086481643
2015-07-07,4.0,59.913334,188.2913360595703,10.551502,-3.5438793,0.15,0.65000004,-7.47744352988461,10.564763097093827
2015-07-08,4.0,59.913334,188.2913360595703,15.857128,4.1995726,-0.55,0.70000005,2.4114924038800947,11.663357841669939
2015-07-09,4.0,59.913334,188.2913360595703,14.645102,-5.5356483,-0.45,-1.55,-2.2155218668401453,10.750746201905006
2015-07-10,4.0,59.913334,188.2913360595703,-2.5104985,-2.516939,0.15,-0.90000004,-0.8252636056815047,-1.4475042386062973
2015-07-11,4.0,59.913334,188.2913360595703,4.9423423,-9.208517,0.15,-1.1500001,-7.366018052812761,7.570154573051662
2015-07-12,4.0,59.913334,188.2913360595703,1.926007,-7.6480927,-0.2,-0.4,-6.220889414660823,1.6786167531248042
2015-07-13,4.0,59.913334,188.2913360595703,1.3873587,-5.1089354,0.2,0.9,-3.064138482122206,1.4196338670304978
2015-07-14,4.0,59.913334,188.2913360595703,-6.707292,2.8446212,0.25,-0.45,2.7707108460541034,-0.26153219400713096
2015-07-15,4.0,59.913334,188.2913360595703,-8.129805,-1.2424732,0.45,0.45,-1.3946866281474992,-6.25550293265667
2015-07-16,4.0,59.913334,188.2913360595703,-6.373191,-4.3346734,0.45,-0.2,-2.251582580883011,-6.0918607242499
2015-07-17,4.0,59.913334,188.2913360595703,-6.7559032,2.468403,0.2,0.4,2.401382707618142,-6.6911940672509775
2015-07-18,4.0,59.913334,188.2913360595703,-2.8455472,-0.2776549,0.1,1.05,1.0426435878969285,-1.304009011187751
2015-07-19,4.0,59.913334,188.2913360595703,8.059039,-1.5012101,0.25,-1.5,-1.7378740508772887,3.4127565783214795
2015-07-20,4.0,59.913334,188.2913360595703,7.1357937,-4.6082087,-0.5,-1.5,3.0565932979732757,11.160884423711781
2015-07-21,4.0,59.913334,188.2913360595703,6.1982617,-0.14209604,0.25,0.1,-3.103878418542413,6.3287776517850975
2015-07-22,4.0,59.913334,188.2913360595703,4.902993,-2.400341,-0.25,-0.15,-1.057122187993634,5.535497321882939
2015-07-23,4.0,59.913334,188.2913360595703,-1.1953213,-0.77234465,0.2,0.3,0.7764967252275037,0.017617874506753284
2015-07-24,4.0,59.913334,188.2913360595703,-0.39054775,-4.1880107,-0.05,0.95,-9.36164512303516,1.625642263133562
2015-07-25,4.0,59.913334,188.2913360595703,-5.9715176,-4.8941674,0.2,0.25,-3.3447882827849136,-5.798932967739507
2015-07-26,4.0,59.913334,188.2913360595703,-9.059054,2.4179504,-0.1,0.95000005,3.23992273685738,-8.341831437031114
2015-07-27,4.0,59.913334,188.2913360595703,-0.6983105,0.6020683,0.65,-0.75,0.4316296981562968,-1.107275163363582
2015-07-28,4.0,59.913334,188.2913360595703,-8.040515,-0.8667559,0.25,0.20000002,0.7078417961269992,-6.995095617619418
2015-07-29,4.0,59.913334,188.2913360595703,-5.4027615,2.519782,-0.05,-1.1,3.738812030029814,-3.9458106356726925
2015-07-30,4.0,59.913334,188.2913360595703,-4.5846486,-1.5858905,0.4,0.15,-2.5253638926291986,-2.4922466332130853
2015-07-31,4.0,59.913334,188.2913360595703,4.1658025,-4.410124,0.2,0.6,-3.3145108535500225,3.4038728603663637
2015-08-01,4.0,59.913334,188.2913360595703,-7.1122236,4.928438,0.05,0.9,3.562712048582638,-3.2307229374009223
2015-08-02,4.0,59.913334,188.2913360595703,-11.547781,4.6887155,-0.05,0.6,3.7748882960813233,-9.84928634840828
2015-08-03,4.0,59.913334,188.2913360595703,-13.791303,1.2448907,0.25,0.15,1.1177852221798208,-12.481832841579562
2015-08-04,4.0,59.913334,188.2913360595703,-13.802406,2.8154824,0.4,-0.35000002,1.0868546749642176,-12.844632315642473
2015-08-05,4.0,59.913334,188.2913360595703,-10.249777,0.11385137,0.0,0.15,-1.7306471981211664,-11.024879364497078
2015-08-06,4.0,59.913334,188.2913360595703,-10.8731165,0.85244757,0.25,0.05,3.573713435546221,-7.479138473851015
2015-08-07,4.0,59.913334,188.2913360595703,-8.289968,-0.061077625,0.05,-0.3,3.490594336116255,-4.855680173642806
2015-08-08,4.0,59.913334,188.2913360595703,-10.160976,-4.5873737,0.0,-0.55,-4.834470930463947,-6.516169229731963
2015-08-09,4.0,59.913334,188.2913360595703,-11.878721,-12.485804,-0.1,1.0,-8.565990758748992,-8.072207071999955
2015-08-10,4.0,59.913334,188.2913360595703,-4.0867114,1.8450851,-0.45,0.2,3.9022450145317777,-4.114107968267432
2015-08-11,4.0,59.913334,188.2913360595703,-4.164483,-1.4354799,-0.45,0.4,-0.12088804683709364,-3.9577358480700124
2015-08-12,4.0,59.913334,188.2913360595703,-1.5330954,3.2764022,0.3,-1.25,2.702223879328568,-0.784892843528434
2015-08-13,4.0,59.913334,188.2913360595703,4.071413,-4.691058,-0.05,0.85,-3.306172082658688,4.6764642692764244
2015-08-14,4.0,59.913334,188.2913360595703,0.43592238,-4.7479625,0.1,-0.10000001,-5.285039996452621,0.00948593845675244
2015-08-15,4.0,59.913334,188.2913360595703,-3.9089718,-11.073957,-0.05,0.05,-11.98751105527759,-0.6382950048662022
2015-08-16,4.0,59.913334,188.2913360595703,-6.4703484,2.3573732,0.15,-0.45,0.5269271429314628,-4.645087785449729
2015-08-17,4.0,59.913334,188.2913360595703,-11.991613,0.94359016,-0.1,0.05,1.8172958537204469,-7.657362096435682
2015-08-18,4.0,59.913334,188.2913360595703,-0.56780845,1.6261762,0.15,0.65,2.317495403952854,0.23905910104918354
2015-08-19,4.0,59.913334,188.2913360595703,2.9746547,4.050131,0.15,-0.5,4.23956443610032,1.54864486622863
2015-08-20,4.0,59.913334,188.2913360595703,1.1661611,2.447983,-0.1,-0.9,5.918990601115033,4.049928212352712
2015-08-21,4.0,59.913334,188.2913360595703,0.7695874,4.5716386,-0.45,1.3,3.431836196005462,1.5215741508086973
2015-08-22,4.0,59.913334,188.2913360595703,-6.8363886,9.111392,-0.3,2.15,8.715287096025186,-4.64259710248603
2015-08-23,4.0,59.913334,188.2913360595703,-5.7016983,11.126274,-1.3,-1.7,10.542228794496351,-3.8434495961116184
2015-08-24,4.0,59.913334,188.2913360595703,0.036144465,17.21574,-0.95,-3.85,16.782793263364916,1.455483164685258
2015-08-25,4.0,59.913334,188.2913360595703,1.2240237,6.656392,-1.2,-5.65,9.767807362789428,4.996576027245723
2015-08-26,4.0,59.913334,188.2913360595703,-0.6237757,19.224651,-3.1,-3.0500002,20.985678798341866,-1.507589331315978
2015-08-27,4.0,59.913334,188.2913360595703,-7.598109,11.498798,-0.8,-1.5,6.816440689979177,-6.467375779530096
2015-08-28,4.0,59.913334,188.2913360595703,1.7784286,4.946494,-0.2,0.0,5.758950163605041,3.4391636198768394
2015-08-29,4.0,59.913334,188.2913360595703,-5.7869005,14.159643,-0.35000002,-1.5,7.489509502022747,-2.7044476658811822
2015-08-30,4.0,59.913334,188.2913360595703,1.5160298,-3.875649,0.3,0.70000005,0.11125742523138182,3.78389366174492
2015-08-31,4.0,59.913334,188.2913360595703,8.46809,-1.2578151,0.15,-0.25,-2.582395459964656,7.361419624167844
2015-09-01,4.0,59.913334,188.2913360595703,18.136166,6.2708797,-0.35000002,0.2,-0.2630610968514321,14.599860904723641
2015-09-02,4.0,59.913334,188.2913360595703,8.637558,5.5892096,-0.2,3.1,3.483024332298683,8.660096748866597
2015-09-03,4.0,59.913334,188.2913360595703,6.910019,1.5433161,-0.2,-1.35,3.9090808031115176,6.011604321549605
2015-09-04,4.0,59.913334,188.2913360595703,-0.87648666,-7.48199,-0.1,0.05,-2.6843578627207667,-2.062416059308925
2015-09-05,4.0,59.913334,188.2913360595703,-1.677938,0.50071573,-0.15,-0.9,2.7182750428381626,-1.7065148979182974
2015-09-06,4.0,59.913334,188.2913360595703,0.049483657,-4.477728,0.1,-0.1,-0.5973050489466986,-3.0228552925983623
2015-09-07,4.0,59.913334,188.2913360595703,3.6146555,-2.974644,0.05,-0.3,-1.6915519169802433,0.1528754693138728
2015-09-08,4.0,59.913334,188.2913360595703,3.955666,-7.305688,-0.95,0.65,-9.16222792232054,3.307947347238109
2015-09-09,4.0,59.913334,188.2913360595703,-8.508887,-12.761169,-0.79999995,-3.0,-11.031019843834896,-8.496692762809593
2015-09-10,4.0,59.913334,188.2913360595703,-7.0673494,-15.102807,-3.25,5.3,-12.436548456753428,-7.448246872272489
2015-09-11,4.0,59.913334,188.2913360595703,-10.898571,-7.1052923,-0.05,-1.9,-9.359368085428624,-11.30223236021126
2015-09-12,4.0,59.913334,188.2913360595703,-6.5583086,1.3730505,-0.55,-0.70000005,2.573812159436586,-5.9589370978727
2015-09-13,4.0,59.913334,188.2913360595703,-3.2615612,10.597793,-1.45,-0.55,10.390466581263581,1.2335508972072562
2015-09-14,4.0,59.913334,188.2913360595703,-5.859497,12.463638,-3.4499998,-2.0,8.41413799626131,-8.029159683951953
2015-09-15,4.0,59.913334,188.2913360595703,2.618803,4.4332905,-0.45000002,-1.1,6.742743735762836,3.879427463788479
